90
52
98
30
100
37
74
32
7
26
78
42
33
65
2
98
55
96
84
71
49
29
65
32
8
4
49
44
97
24
5
85
75
21
57
24
77
83
47
3
27
14
8
59
73
87
98
54
53
93
68
84
97
87
38
55
92
31
82
48
43
62
94
52
58
60
68
69
77
84
52
6
37
53
64
14
47
53
35
65
30
88
0
79
48
95
15
74
74
52
93
81
35
10
54
96
44
50
52
53
86
99
1
19
61
90
2
17
76
67
83
15
35
13
64
72
17
35
53
44
57
48
55
17
96
24
101
62
51
3
20
30
61
75
59
72
5
61
72
51
45
27
7
59
94
27
22
64
29
38
14
61
11
89
55
24
53
76
36
21
48
35
82
68
81
90
35
27
36
8
87
3
81
29
8
92
23
10
36
88
78
25
90
85
42
81
63
85
72
36
68
65
92
9
72
90
24
54
101
93
65
29
19
86
71
30
82
94
80
91
85
18
54
58
6
4
33
91
68
98
30
18
52
69
61
95
47
59
36
79
82
97
56
96
101
70
1
17
62
2
80
73
95
27
55
85
20
33
46
35
11
52
70
98
44
4
12
92
38
10
35
32
69
87
96
57
81
19
61
84
56
90
25
51
83
66
45
79
8
96
27
22
53
61
39
100
46
27
62
25
41
42
56
49
0
42
83
21
53
52
97
91
73
43
95
58
61
7
48
58
37
94
38
61
5
2
73
53
17
29
51
74
63
58
99
1
99
26
11
50
54
23
42
45
100
93
94
55
2
95
79
16
31
93
37
36
92
11
56
34
52
18
83
101
38
87
76
27
0
36
6
15
21
69
4
81
81
2
87
59
72
39
7
28
52
36
15
14
82
24
7
43
8
35
24
16
7
58
54
79
101
83
27
91
52
29
4
67
23
65
97
90
29
72
1
11
60
76
8
87
84
15
64
5
40
10
97
61
5
87
25
71
35
20
50
58
36
70
73
85
68
30
88
75
91
78
47
2
78
60
48
58
9
68
74
8
16
95
38
65
7
47
71
18
70
92
12
90
60
21
94
30
67
99
84
81
7
79
82
46
52
61
50
22
46
36
66
30
55
61
49
7
36
31
21
6
41
80
90
94
96
25
25
66
87
57
46
76
69
7
49
49
10
80
19
81
56
26
21
64
98
91
3
87
65
22
2
32
30
48
64
27
88
86
63
94
39
53
6
74
92
59
25
60
82
42
28
79
19
11
12
20
84
39
61
38
3
14
42
22
43
63
75
98
58
74
91
94
32
69
30
21
90
96
70
81
66
39
91
65
57
73
101
87
66
44
2
77
92
26
8
22
3
18
94
72
20
22
89
3
77
66
33
9
45
68
50
12
56
50
14
9
98
30
39
88
92
90
61
40
5
2
63
39
100
37
26
10
29
44
81
25
59
41
50
88
17
19
95
80
40
45
76
16
94
60
81
79
94
55
35
40
55
26
99
71
29
66
46
0
25
11
12
71
4
7
10
47
4
41
48
75
49
3
55
33
56
66
44
17
88
13
2
10
85
3
51
100
37
13
21
34
11
65
25
7
69
42
29
90
16
36
38
29
71
29
0
9
65
16
5
0
8
96
71
0
65
22
65
16
51
97
86
1
54
26
64
62
64
98
11
13
13
88
91
81
27
36
98
76
86
56
52
94
71
11
88
88
2
69
80
42
78
58
91
14
10
69
61
24
80
75
77
63
87
87
32
7
1
91
81
36
19
19
46
60
81
86
95
19
63
98
1
49
9
51
59
82
75
31
35
45
46
2
98
72
85
49
52
33
12
25
72
8
52
5
64
10
64
76
2
17
60
81
96
96
53
91
93
44
71
85
46
82
68
68
54
33
18
36
43
78
9
78
16
39
18
96
15
45
96
10
39
19
13
40
65
38
76
7
51
8
12
84
70
64
44
78
22
39
64
1
23
19
86
100
49
72
71
35
79
6
96
50
52
19
23
57
57
53
91
39
13
4
38
67
101
55
14
59
43
11
100
35
85
20
80
76
5
83
42
22
96
32
45
92
17
87
10
5
37
26
15
77
98
56
65
54
44
56
39
39
84
75
70
90
96
13
82
13
21
88
47
41
71
43
67
27
19
93
61
77
68
51
101
8
70
26
24
29
77
87
0
75
70
20
85
55
35
45
100
96
79
42
27
4
12
91
51
21
11
50
37
74
94
9
84
48
26
87
27
75
70
57
66
67
38
42
51
68
100
55
63
99
101
100
90
94
89
66
65
23
97
12
28
15
2
47
71
15
15
78
93
77
96
2
15
54
65
80
68
53
22
55
58
33
28
95
81
74
7
52
95
28
